[405 306 538 253 577 120 334 247 232 123 598 126 483  92 134 548 374 454
  94  87 327  39 350  64 289 484 153 145  91 476 463 379 150 387 414  15
 583 570 288 617 592 453 294 296 584  36 277 164 248  41 105 344 183 566
 224 230 226 240 323 239 215 114  77  82 399 594 452 369  56 225 234 218
  33 554 196 462 430  95 464 175 469 544 535 383 610 116 436 124 332 328
 486   1 447 191 284 429 443  27 100 189 395 258 541 168  59 418 217 256
 616 563 391 229 241 534 157 319 501  53  11 542 109 310 582 481 530 312
   6   8 233 193 388 527 238   0   5 268 104 182 355 505 440 444 461 552
 468 201 393 173 364 198 316 295 560 252 202 255 456 555  83 333 509 324
 559 223  20 269 297 590 321  86 519 302 326 214 263 143 190 553 474 178
 320 595 286 466 136 604 305 375 339 129 601  55 524 574 385 163 589 470
 561 493 257   9 506 478 299 265 273 155 543 243 197 502 177 213 285 521
 545 366 144 438 499  13 381 151 307 490  45   4 260 283 303 533 113 558
  37 613 267  57 227 356 614 422 345 446 128 180  24 179 167 448 220  30
  96 465 363 162 237 313 222 487 403 488 352 152 389 169  31 211 174  73
 581 441  47   2 455  69 491 117 149 492  75  35 398 236  70 370 102 275
  49 199 146 156 200 431 130 606 384  40  72 421 244 335 458 588 593 390
  65 572 513 473 340 106 529 367 512 206 409 420 161 160 571 371 282 131
 615 228  98 522  38 404 423 428 380 562 413  93 278 166 547  14 210 195
 270 219  85 192 537 439 415 459 609 500 426 467 495 546 568 358  21 549
 372 410 309 515 457 103 204 242 517  26  68 480 280 472 272 264 471 575
   7 531 300 526 599 437 348 301 494 605 118 435 612 159 359 603 343 514
 587 424  29  34 557 368  74 361 425 565  19 489 292 585 479  63 382 449
 304 250  42  18 536 107 532 401 281 597  67 208 434 122 573 402 235 349
 246 518 442 551 322 216 259 579  46 567 576  66 510  76 392 158 433 251
  79  51 207 276 400 569 378 148 497 315  43  89 165 287  84 525 137 503
 110 314 249  17 138 550  12 607 331 119 360 181 516 539 254 508  25 504
  80 411 142 498 365 132 362 342  99 445 231 141 170  62 394 377 317 212
 203 330  71 245 419 396 329 351 135 311   3 318 580 121 274 205 187 586
  50  28 397 172  60 528 209 346  58  44 125  78 408 406  23 112 101 373
 520 556 596 485 477 564  16 140 376 325 127 432 357 290 417 293  32 261
 308 184 341  54 460  97 386 188 171 611 108  48  10 608 147 266 416 507
 511 475 540 353  90 338 523 298 186  81 279 111 337 451 496 578 354 412
 347 450  88  61 154 600 336 221 602 262 427 591 291  52 139 115 194 133
 271 407 482 185 176  22][364 250 216  26 317  83 233 104 112  80 350 220 303 382 230 191 185  42
  39 119  93  82  23 157  55 150 212  30 138 368  98 255 113 332 314 196
  95  47  37 108 274 316  86   5  71 333  44 357 186  73 170 351 222  85
 258 387 180  41 173  31 267 154  68 346 139 245 301 292 370 158 309 171
 278 219 109 344 324 177 248 243 377 135 224 161 147 327 342 334 277 208
 114 312  40  17 203 256  94 101 283 291 209 181 151 116 380 373 105 310
 120 200  61 244  45  38 143   0 362 338  89 381 237 326 275 365   2 345
 254  79 110 375 142 192 261 140 329  78 165 163  32 115 302 287 298 271
 347  91 249  81  60 289  67  90 201  13 276 328 111  27 355 117 337 213
 234 286 136 241 320  92 155 176  53 125  18  49 231  57 371  64 273 190
 129  70  15 202  63  33 343 269  19 210 251  56 193  12 162 189 124 128
 282 279 385 313   8 321 178  46 174 217 232 172 341 159 137 307  10  36
 228 146 266 218 280 360  62  51 160  74 290 378  87 295 246   9 265 363
 294 238 242 149 214 132 235 184 131 322 221  52 315  21  22 126 127 153
  54 336 152 207  48  58  11  88 169 252 175 223 121 225  43 348 194 227
 366 211 188  25 306  99 187 100 356 166  72  16   3 270 331 288 102 299
  84  76 374 122 226 260 141 325 167  35  66 259  75 339  29 358 204 236
  69 330 376 372 134 206 308 103 379  14  96 300 352 164 369 264 179 144
  59  97 353 263 386  20 195  28 262 284 319  24 145 349 272 281 197  65
 182 367   6 118 215 354 296 253 361 123 247 318 323 268 130  50 297 384
  34   1 183 205 359 106 148 293 156  77 199 311 335 257 133 198 305   7
   4 168 229 240 383 340 239 304 107 285]